[{"extends":"circle2.vwf","name":"a27be4af-5c9c-9adf-a151-c1df7b798de7","source":"vwf/model/threejs/circle.js","type":"subDriver/threejs","properties":{"materialDef":{"shininess":15,"alpha":1,"ambient":{"r":1,"g":1,"b":1},"color":{"r":1,"g":1,"b":1,"a":1},"emit":{"r":0,"g":0,"b":0},"reflect":0.8,"shadeless":false,"shadow":true,"specularColor":{"r":0.5773502691896258,"g":0.5773502691896258,"b":0.5773502691896258},"specularLevel":1,"layers":[{"alpha":1,"blendMode":0,"mapInput":0,"mapTo":1,"offsetx":0,"offsety":0,"rot":0,"scalex":1,"scaley":1,"src":"checker.jpg"}]},"size":[1,1,1],"translation":[2.000000238418579,-5,1.2010000944137573],"scale":[1,1,1],"rotation":[-1,0,0,42.49727249145508],"owner":"Rob","texture":"checker.jpg","type":"Spline","tempid":"","DisplayName":"circle1","transform":[1,0,0,0,0,0.7373095154762268,-0.6755551099777222,0,0,0.6755551099777222,0.7373095154762268,0,2.000000238418579,-5,1.2010000944137573,1],"quaternion":[-0.3624158501625061,0,0,0.9320164918899536]}},{"extends":"circle2.vwf","name":"a17488a-c51a-f913-dc27-81392fbe223","source":"vwf/model/threejs/circle.js","type":"subDriver/threejs","properties":{"materialDef":{"shininess":15,"alpha":1,"ambient":{"r":1,"g":1,"b":1},"color":{"r":1,"g":1,"b":1,"a":1},"emit":{"r":0,"g":0,"b":0},"reflect":0.8,"shadeless":false,"shadow":true,"specularColor":{"r":0.5773502691896258,"g":0.5773502691896258,"b":0.5773502691896258},"specularLevel":1,"layers":[{"alpha":1,"blendMode":0,"mapInput":0,"mapTo":1,"offsetx":0,"offsety":0,"rot":0,"scalex":1,"scaley":1,"src":"checker.jpg"}]},"size":[1,1,1],"translation":[-0.5999999642372131,-5,1.2010000944137573],"scale":[1,1,1],"rotation":[-1,0,0,42.49727249145508],"owner":"Rob","texture":"checker.jpg","type":"Spline","tempid":"","DisplayName":"circle1","transform":[1,0,0,0,0,0.7373095154762268,-0.6755551099777222,0,0,0.6755551099777222,0.7373095154762268,0,-0.5999999642372131,-5,1.2010000944137573,1],"quaternion":[-0.3624158501625061,0,0,0.9320164918899536],"steps":20,"radius":0.62}},{"extends":"circle2.vwf","name":"50dce2bb-dc66-bdd-731-53e0e9e11ca3","source":"vwf/model/threejs/circle.js","type":"subDriver/threejs","properties":{"materialDef":{"shininess":15,"alpha":1,"ambient":{"r":1,"g":1,"b":1},"color":{"r":1,"g":1,"b":1,"a":1},"emit":{"r":0,"g":0,"b":0},"reflect":0.8,"shadeless":false,"shadow":true,"specularColor":{"r":0.5773502691896258,"g":0.5773502691896258,"b":0.5773502691896258},"specularLevel":1,"layers":[{"alpha":1,"blendMode":0,"mapInput":0,"mapTo":1,"offsetx":0,"offsety":0,"rot":0,"scalex":1,"scaley":1,"src":"checker.jpg"}]},"size":[1,1,1],"translation":[-0.5999999642372131,-5,1.2010000944137573],"scale":[1,1,1],"rotation":[-1,0,0,42.49727249145508],"owner":"Rob","texture":"checker.jpg","type":"Spline","tempid":"","DisplayName":"circle1","transform":[1,0,0,0,0,0.7373095154762268,-0.6755551099777222,0,0,0.6755551099777222,0.7373095154762268,0,-0.5999999642372131,-5,1.2010000944137573,1],"quaternion":[-0.3624158501625061,0,0,0.9320164918899536],"steps":20,"radius":1.03}},{"extends":"star2.vwf","name":"f0057e6e-ac9a-3f9a-ff7a-b4f5cb109384","source":"vwf/model/threejs/star.js","type":"subDriver/threejs","properties":{"materialDef":{"shininess":15,"alpha":1,"ambient":{"r":1,"g":1,"b":1},"color":{"r":1,"g":1,"b":1,"a":1},"emit":{"r":0,"g":0,"b":0},"reflect":0.8,"shadeless":false,"shadow":true,"specularColor":{"r":0.5773502691896258,"g":0.5773502691896258,"b":0.5773502691896258},"specularLevel":1,"layers":[{"alpha":1,"blendMode":0,"mapInput":0,"mapTo":1,"offsetx":0,"offsety":0,"rot":0,"scalex":1,"scaley":1,"src":"checker.jpg"}]},"size":[1,1,1],"translation":[-3,-4.199999809265137,2.001000165939331],"scale":[1.0000001192092896,1.0000001192092896,1.000000238418579],"rotation":[-0.12841136753559113,-0.8682408928871155,0.47923722863197327,117.40509033203125],"owner":"Rob","texture":"checker.jpg","type":"Spline","tempid":"","DisplayName":"star1","transform":[-0.4361993670463562,0.5882640480995178,0.6809373497962952,0,-0.2626454830169678,0.6405410766601562,-0.7216125130653381,0,-0.8606670498847961,-0.49361222982406616,-0.12489885836839676,0,-3,-4.199999809265137,2.001000165939331,1],"quaternion":[-0.10972519218921661,-0.7418960928916931,0.40949952602386475,0.5194811820983887],"steps":16,"radius2":1.89,"radius":0.8}},{"extends":"lsection2.vwf","name":"f3ea51dd-93bf-b32-4524-31c332ae6ca","source":"vwf/model/threejs/lsection.js","type":"subDriver/threejs","properties":{"materialDef":{"shininess":15,"alpha":1,"ambient":{"r":1,"g":1,"b":1},"color":{"r":1,"g":1,"b":1,"a":1},"emit":{"r":0,"g":0,"b":0},"reflect":0.8,"shadeless":false,"shadow":true,"specularColor":{"r":0.5773502691896258,"g":0.5773502691896258,"b":0.5773502691896258},"specularLevel":1,"layers":[{"alpha":1,"blendMode":0,"mapInput":0,"mapTo":1,"offsetx":0,"offsety":0,"rot":0,"scalex":1,"scaley":1,"src":"checker.jpg"}]},"size":[1,1,1],"translation":[3.200000524520874,-2.6000001430511475,1.0010000467300415],"scale":[1,1,1],"rotation":[1,0,0,0],"owner":"Rob","texture":"checker.jpg","type":"Spline","tempid":"","DisplayName":"lsection1","transform":[1,0,0,0,0,1,0,0,0,0,1,0,3.200000524520874,-2.6000001430511475,1.0010000467300415,1],"quaternion":[0,0,0,1]}},{"extends":"tsection2.vwf","name":"5b568e60-abd7-e529-6372-8c17917199e0","source":"vwf/model/threejs/tsection.js","type":"subDriver/threejs","properties":{"materialDef":{"shininess":15,"alpha":1,"ambient":{"r":1,"g":1,"b":1},"color":{"r":1,"g":1,"b":1,"a":1},"emit":{"r":0,"g":0,"b":0},"reflect":0.8,"shadeless":false,"shadow":true,"specularColor":{"r":0.5773502691896258,"g":0.5773502691896258,"b":0.5773502691896258},"specularLevel":1,"layers":[{"alpha":1,"blendMode":0,"mapInput":0,"mapTo":1,"offsetx":0,"offsety":0,"rot":0,"scalex":1,"scaley":1,"src":"checker.jpg"}]},"size":[1,1,1],"translation":[1.2000000476837158,-2.4000000953674316,1.2010000944137573],"scale":[1,1,1],"rotation":[1,0,0,0],"owner":"Rob","texture":"checker.jpg","type":"Spline","tempid":"","DisplayName":"tsection1","transform":[1,0,0,0,0,1,0,0,0,0,1,0,1.2000000476837158,-2.4000000953674316,1.2010000944137573,1],"quaternion":[0,0,0,1],"width":1.41,"_length":1.98}},{"DisplayName":null,"placemarks":{"Origin":[0,0,0]},"navmode":"none","sunColor":[1,1,1],"sunDirection":[0.65,2.3,1],"sunIntensity":0.5,"ambientColor":[0.35,0.35,0.35],"fogColor":[155,155,155],"fogNear":100,"fogFar":1000,"fogType":0,"fogDensity":0.005,"fogVFalloff":1.3,"fogVFalloffStart":0,"skyColorBlend":0,"skyFogBlend":0,"skyApexColor":[0,0.5,1],"skyHorizonColor":[0,0.5,1],"vAtmosphereDensity":0.0005,"owner":"Rob","type":"scene","publishSettings":{"singlePlayer":false,"camera":"","allowAnonymous":false,"createAvatar":false,"allowTools":false}}]